\begin{tabular}{lrrrrrr}
\toprule
crop & barley & oats & oilseed\_rape & peas\_field\_beans & potatoes & wheat \\
\midrule
barley & 1.000000 & 0.499363 & 0.650117 & 0.713168 & 0.598127 & 0.778926 \\
oats & 0.499363 & 1.000000 & 0.565235 & 0.479113 & 0.589095 & 0.602371 \\
oilseed\_rape & 0.650117 & 0.565235 & 1.000000 & 0.710688 & 0.779720 & 0.772631 \\
peas\_field\_beans & 0.713168 & 0.479113 & 0.710688 & 1.000000 & 0.563217 & 0.765211 \\
potatoes & 0.598127 & 0.589095 & 0.779720 & 0.563217 & 1.000000 & 0.757795 \\
wheat & 0.778926 & 0.602371 & 0.772631 & 0.765211 & 0.757795 & 1.000000 \\
\bottomrule
\end{tabular}
